Критерий Колмогорова
Нормальное распределение
m_normal = 0
sigma_normal = 5
numberofelements = 30
уровень значимости = 0.01
viborka = [-8.990456541715558, -7.546678999477057, -5.893069395744492, -5.586194398850588, -4.8028433425428325, -4.270049933745729, -3.527294533835468, -3.0344459790717657, -2.8427014752632136, -2.4885738754620537, -2.428926712583867, -2.2325073244076683, -1.7801187173045296, -1.340401572397008, -0.8183860699308332, -0.5591958830085836, -0.0854993560663356, 1.0882444700988485, 1.5830809774107686, 2.245617789582483, 3.177374565776506, 3.3000897743800377, 3.969116727608137, 4.529646225528548, 5.3979336983921336, 5.487226243699842, 5.487637755507427, 5.609873766376165, 9.797835150472263, 10.684707780529424]
T_nabl = 0.29759592291114023
T_alpha = 0,306724632
Гипотеза принята!